0.085
.165
.320
.660
0.085
.165
.320
.660
0.085
.165
.320
.660
0.085
.165
.320
.660
0.085
.165
.320
.660
0.085
.165
.320
.660
0.085
.165
.320
.660
0.085
.165
.320
.660
0.085
.165
.320
.660
0.085
.165
.320
.660
0.085
.165
.320
.660
0.085
.165
.320
.660
0.085
.165
.320
.660
0.085
.165
.320
.660
0.085
.165
.320
.6600
.085
.165
.320
.660
0.085
.165
.320
.660
0.085
.165
.320
.660
0.085
.165
.320
.660
0.085
.165
.320
.660
0.085
.165
.320
.660
0.085
.165
.320
.660
0.085
.165
.320
.660
0.085
.165
.320
.660
0.085
.165
.320
.660
0.80
.165
.320
.660
0.80
.165
.320
.660
0.80
.165
.320
.660
0.080
.165
.320
.660
0.080
.165
.320
.660
0.080
.165
.320
.660
0.080
.165
.320
.660
0.080
.165
.320
.660
0.080
.165
.320
.660
0.080
.165
.320
.660
0.080
.165
.320
.660
0.080
.165
.320
.660
0.080
.165
.320
.660
0.080
.165
.320
.660
0.080
.165
.320
.660
0.080
.165
.320
.660
0.080
.165
.320
.660
0.080
.165
.320
.660
0.080
.165
.320
.660
0.080
.165
.320
.660
0.080
.165
.320
.660