1042.5
2173.3
1428.7
2666.3
2216.4
2004.9
1744.4
2841.7
2694.6
2541.3
1390.1
2767.2
2468.7
2072.6
1651.3
1070.1
1223.8
1772.8
1336.2
1373.6
3027.8
1936.2
1279.4
1049.3
1057.9
1799.8
2109.1
2188.6
2250.1
2260.9
1374.2
2373.3
1946.5
1748
1154.7
2262
2615.2
2653.9
2085.4
1647.2
2801.5
2501.3
2962.2
2901.5
2124.6
1326.2
1969.2
1513.2
2773.9
1461.4
2607.8
2736.5
3044.4
3050.3
2269.6
1829.1
1575.3
1637.8
2729.4
1087.7
1795.8
1226.2
2401.8
1153
1057.6
2887.6
1594.7
1588.7
2222.2
2429.9
2724.3
2500.9
2015.1
1452.9
2535.6
1982
1960.9
2948.6
2537
1257.7
2244.6
1814.6
2518
2264.5
2191
1766.6
1344.7
1492.6
1894.9
2654.5
2079.8
3030.8
2551.3
1734.9
1379.8
2361.8
2029.1
1167.7
2447.1
2055.1
1336.6
2949.5
1324.6
2860.1
2433.3
1649.4
1897.7
1181.5
2983.7
2413.8
1348.1
2804.1
2692.3
2210.4
1424.7
1397.7
2683.3
1995.7
1352.8
2053.3
2512
1855.6
1602.2
2183.7
2411.9
2559.9
2491.7
1995.7
1287.3
1779.6
2718.4
1110.5
2079.6
2373.2
1897.1
1250.5
2949
2892.8
2145.1
1735.7
1988.6
1794
2743.2
1677.2
1957.1
1586.7
3016.6
1638.8
2526.4
2180.7
1434.1
2570.9
2728
1839.6
2047.2
2830
1095.2
3040.1
2191.4
1141.5
2108.4
1430.2
2735.3
2300.3
2362.4
1437.8
2733.5
1287.9
1261
2534.3
1671.5
2932.4
1615.2
1716.3
1322
2514.1
2718.3
2463.7
2247
2542.6
1548.2
1330.5
1043.2
1162.6
2661.2
2754.5
1463.4
1272.4
2152.4
1068.6
1268.7
1953.9
2552.6
2419.8
2132.8
1188.5
1918.2
1446
2440
1623.8
1918.1
1507.4
2202
2110.9
2304.2
1362.1
2053.7
2976.6
2439.1
2899.7
1421.9
1715.5
1398.6
3041.2
1959.8
3046.9
1236
2297.1
1229.8
1920.2
2913.2
1137.3
2839
1623.2
1497
2586.5
1865.9
1446.1
2303
2254.8
1948.1
1977.8
2242.1
2316.3
2758.9
2706.6
2296.3
2489.7
2177.6
1794.3
1410.5
2523.8
2156.3
2860
1528.3
1419.9
2256
2444.6
2215.6
1746.4
2034.3
1201.6
2529.5
2270.7
2287.5
2429.8
2657.8
1339.8
2198.3
2784.9
2873
2276.1
2503.3
1126.9
2382.8
3003.7
1673.4
2184.6
1654.9
1389.7
1258.2
2787.5
2751.7
2536.7
1351.4
1697.4
1199.5
1194
2328.9
2688.9
2136.1
1941.4
1862.4
1640.7
1976.2
2047.8
1346.9
1689.6
2524
1671.1
2702.4
2968.6
2796.2
2497.9
1643.3
2938.3
1295.8
1172.1
2618.5
2094.9
2265.9
2962.6
1185.3
2800.8
2354.8
1687.7
1250.7
2055.6
1496.6
1623.7
2890
2148.3
2372.8
1270.3
2030.4
1802.4
2039
2635.3
2064
1808.9
2423.8
2110.1
2259.1
1834.6
1051.8
2463.4
1242.3
2292.9
2775.9
2028.3
2542.8
2039.2
1804.3
2619.3
2151.6
1758.1
2961.8
2308.5
1395
1792.5
1304.6
2534.6
2953.8
2270.6
1095.9
1703.2
1152.4
2325.4
1304.6
2743.4
2778
2240.2
2491.1
2757.2
1069.5
1294.3
2463.5
2281
1477.5
1172.6
1379.6
2295
1725.6
1682.3
1779.1
2369.2
2653.5
2662.5
2098.8
2268.8
2645
2851
1331.2
2307.2
1849.2
1550.1
1314.5
2759.7
1173
1900.2
2192.9
1647.8
2142
1493.5
1666.1
1262.4
2664.9
1310.8
1611.6
2624.8
2840.2
2627.9
2535.7
2277.1
1766.2
2762.6
1499.4
2776.6
1501.3
1541.8
2130.7
3020.4
1148.1
1203.7
2095
1898.2
1230.3
1560.4
2832.8
1508
1334.7
1291.5
2913.4
1201
1134.6
1158
1716.4
2879.4
1841.5
1910.3
2942.6
2723.5
2114.2
2733.4
2434.6
1839.7
1561.1
1048.7
2096.9
2960
1841.7
1524.8
2217.5
1553
2415.5
2940.9
1915.7
2830.1
1054.4
2932.2
2249.6
2620.9
2199.6
1326.4
1487
1810.2
1048.5
1880.4
1205.3
2367
2759.5
1170.4
2670.9
2371.3
2430.5
2654.1
2106
2418.7
1327
2426.5
2503.7
2603.9
1102.4
2786.8
2336
2460.8
1211.8
2150
2946.1
1158.2
1592.9
1331.9
3014.3
2286.7
1627.6
2895
1779
2436.6
1479.6
1353.5
1523.7
2088.5
2854.4
1254
2855.1
1928.2
1201
2612.7
1385.4
2999.4
2600.2
2790.2
1463.5
1958.2
1047.5
2549.4
1269.3
1853.8
1665.6
3036
1117.5
1546.9
1420.6
1538
1348.6
2287.4
2820.4
2928.4
1433.4
2607.8
2338.1
2360.7
2868.2
1955.8
2892.6
2375.6
1343.1
2319.6
2185.3
1888.6
2936.3
2127
2203.4
2118.7
1553.3
1838.2
1744.3
1113.6
2639.2
1435.1
1181.3
1823
2227.9
1182.6
1437.4
1353.4
2335.7
1953.6
2255.2
2442.3
1927.4
2416.4
1837.3
2720.5
2230.9
1441.3
2949.3
2801.5
1827.6
3025.7
1412.6
2841.2
2195.1
1928.9
2301.5
2464.7
1139.7
1614.2
1563.2
1859.7
2840.4
2468.1
2504.8
2841.9
1831.4
1839.1
2857.6
1660.5
1820.4
2187.3
1750.9
2515.4
2538.8
2520.8
2526.9
1320.1
1442.5
1588.1
2408.3
2872.2
1779.7
2080.9
1259.9
2864.8
1448.3
2081.5
2356.8
1921.8
2422.8
1221.8
1199.9
1192.3
1095.9
1754
1657.8
2442.2
1326.9
1834
1176.4
2398.8
2497.8
1439.5
2435.6
2278.1
2356.9
2133.9
1237.6
2136.6
1139.7
2999.8
1973.1
2990.5
2503.6
2107.7
2407.2
2433.1
1788.2
1821.4
1140.4
2668.4
1380.9
1162.3
1664.5
2617.5
1467.2
1687.3
2014.6
1058.4
1924.5
2061.2
2258.5
2565.3
1846.5
1743.4
2734.5
2934.9
2293.4
3045.4
1147.5
2171.8
2776.5
1817.7
1656.1
1611.5
1093.6
2271.8
1826.6
1077.4
1102.4
1956.3
2765.2
2923.7
1848.1
2502.5
2269.8
2665.5
2800.4
2211.5
2236.5
1198.8
2635
1969.4
2227.7
2225.3
2184.6
2681
2392.8
1730.9
1060.5
1577.5
1726.8
1506.7
2590.4
1787.5
2789.2
1274.9
2499
2304.7
2837.6
1408
2116.9
2853.8
2608.7
2980.9
1436.8
2852.9
2643.5
2957.2
2746.9
2830.4
2304.3
1412.9
2280.6
1572.8
1544
2512.4
2624.8
1383.7
2475.5
2007.1
1203.8
2661.9
2760
1290.6
1658.3
2192.9
1991.1
2572.4
1425.8
2503.5
3040.9
1070.8
2342.3
2430.8
1390.1
1185
1592.9
2400.6
2727
2159.4
1786.5
2607.5
1507.5
2323.4
1505.8
1451.4
2992.6
1606.5
1086
2586.8
1345.3
1134.4
1058.5
1740.9
2334.8
1730.2
1873.6
1877.5
1222.3
2136.3
2446.1
1719.6
2362.2
2802
2116.8
2186.2
1148.5
1976.6
1562.8
1898.2
2776.1
2018.4
1215.8
2177.8
2466.5
2605.4
2777.8
2750.4
1629.2
2778.2
2336.8
2541.8
2706.3
2579.6
2793.3
2866.5
2875
2089.6
1925.1
1256.4
1751.9
2695.1
1900.1
1381.5
1041.7
2362.1
2595.5
1168.1
1220.6
1815.5
2415.2
2664
1349.8
1327.2
1137.4
1736
1077.3
3007.5
2342.3
1147.8
2878.3
2321.9
1908.1
1082.3
1527.8
1828.1
2355.1
2612.3
1085.9
2701.1
1318.3
2315.4
2146.8
3017.7
1971.9
1471.9
1644.6
2612.8
1728.8
2006.4
2262.6
1246.1
3019.6
2559.9
1343.4
1957.8
2471
3048.4
2599.4
2330.3
2289.2
2942.5
2423.8
1622.7
2180.5
1623.9
2142.4
2472.5
1535.5
2139.3
2030.6
2954.5
2386.9
2578.6
2293.5
1936.3
2646.2
2539.2
3028.6
1451.4
2305.8
2869.5
2229
2886.8
2056.6
2024.1
1944.3
2828.4
2931
1407.8
1546.6
1448.2
2508.9
2932.5
2296.9
1123.1
2329.7
1109.4
2158.7
2134.9
1937.5
1163.4
3042.9
1296.8
2248.3
1141.2
1387.4
2367.6
1708.5
1675.3
2354.3
1865.5
1899.6
1485.6
2404.4
1374.7
2040.5
2060.8
2654.2
1914.9
1049
1722.6
1795.9
1298.5
2703.7
2514.6
2832
2333.6
2348.3
2074.5
2515.9
2522.4
2964.6
1976.7
1770.4
1265.5
2859.2
2691.4
1954.5
1258.5
2788.3
2571
1118.6
1877.8
2922.4
1176.2
1371.5
1464.8
1275.1
2228.6
1277.9
2283.3
2206.5
2428.1
2511.1
2881.3
2386.7
1640.2
2666.5
1800.5
3045.9
2593.4
1451
1383
1820.7
1404.4
2208.3
1433.3
2970.7
1422.5
1807.6
1651.3
1282.9
1438.4
1132.9
2590.7
2570.4
2811.7
1043.5
1942.1
1897.4
2651.8
1967.7
2035.1
2546.9
1519.6
2164.9
1226.5
2894.1
2837.4
2763.4
1159.9
2027.1
2310.9
2542.6
2560.4
1554.2
2869.7
2632.6
1441.4
2151.7
1143
2090
2629.3
2456
1088.3
2511.4
2152.7
2878.4
2800.6
2642.5
1654.1
1834.2
2009
1145.7
2351
1041.7
2585.5
2560.6
1481.8
1351.2
1155.6
2388.5
1105.7
1735.5
2443.3
2645
1917.2
3014.1
2318
1633.8
1999.1
2798.2
1199.4
1243
1328
1327.5
2886
1660.8
1791.7
2676.5
1133.7
2677.3
1522.6
2845.5
1555.8
1581.6
1458.3
1501.2
2741.5
2799.2
2825
2738.8
2265.2
1122.2
1388.9
1409.5
1755.7
1943.4
1412.1
2838.7
2292.8
2138.6
2873.3
2090.9
2509.2
3049.5
2989.2
2784.3
2729.6
1334.9
1792.8
1611.8
1383.7
2998.1
2531.7
2481
1102.1
2337.1
2674.3
2519.8
2685.2
1290.6
2485.6
1794.2
2346.7
2880.8
2829
1104.6
2595.4
1942.6
1055.2
1499.7
1881.5
1354.8
2888.1
2048.8
1528.3
2557.2
2862.9
1469.2
1104.5
2590.7
1498.9
2159.2
2661.6
2753.3
1706.8
2123.7
3034.4
2788.2
2340.8
1497.9
2674.4
1786.1
1777.8
1110.3
2168.7
1840
1280.8
1693.4
2847.8
1445.1
2930.6
1291.4
2747.9
2837.6
1936
1486.6
2316.4
2166.2
2294.9
1891.9
1073.1
2777.7
1320.7
1577.7
1627.1
2410.7
2169
